
frameCache = 

          sites: {'L'}
     frameTypes: {'L1_HOFT_C00'}
     startTimes: 1.1658e+09
      stopTimes: 1.1658e+09
      durations: 4096
    directories: {'/hdfs/frames/O2/hoft/L1/L-L1_HOFT_C00-11657'}

Writing time-series text file...
Done!
source inputfiles/MatlabSetup_R2008a_glnxa64.sh; getTs cache/1165779257.001221_1165779269.001221.lcf 1165779257.001221_1165779269.001221.lcf 1 0 L1:GDS-CALIB_STRAIN source 1
Reading frame data...

frameCache = 

          sites: {'L'}
     frameTypes: {'L1_HOFT_C00'}
     startTimes: 1.1658e+09
      stopTimes: 1.1658e+09
      durations: 4096
    directories: {'/hdfs/frames/O2/hoft/L1/L-L1_HOFT_C00-11657'}

Writing time-series text file...
Done!
source inputfiles/MatlabSetup_R2008a_glnxa64.sh; getTs cache/1165779269.001282_1165779281.001282.lcf 1165779269.001282_1165779281.001282.lcf 1 0 L1:GDS-CALIB_STRAIN source 1
Reading frame data...

frameCache = 

          sites: {'L'}
     frameTypes: {'L1_HOFT_C00'}
     startTimes: 1.1658e+09
      stopTimes: 1.1658e+09
      durations: 4096
    directories: {'/hdfs/frames/O2/hoft/L1/L-L1_HOFT_C00-11657'}

Writing time-series text file...
Done!
source inputfiles/MatlabSetup_R2008a_glnxa64.sh; getTs cache/1165779281.001343_1165779293.001343.lcf 1165779281.001343_1165779293.001343.lcf 1 0 L1:GDS-CALIB_STRAIN source 1
Reading frame data...

frameCache = 

          sites: {'L'}
     frameTypes: {'L1_HOFT_C00'}
     startTimes: 1.1658e+09
      stopTimes: 1.1658e+09
      durations: 4096
    directories: {'/hdfs/frames/O2/hoft/L1/L-L1_HOFT_C00-11657'}

Writing time-series text file...
Done!
source inputfiles/MatlabSetup_R2008a_glnxa64.sh; getTs cache/1165779293.001404_1165779305.001404.lcf 1165779293.001404_1165779305.001404.lcf 1 0 L1:GDS-CALIB_STRAIN source 1
Reading frame data...

frameCache = 

          sites: {'L'}
     frameTypes: {'L1_HOFT_C00'}
     startTimes: 1.1658e+09
      stopTimes: 1.1658e+09
      durations: 4096
    directories: {'/hdfs/frames/O2/hoft/L1/L-L1_HOFT_C00-11657'}

Writing time-series text file...
Done!
source inputfiles/MatlabSetup_R2008a_glnxa64.sh; getTs cache/1165779305.001465_1165779317.001465.lcf 1165779305.001465_1165779317.001465.lcf 1 0 L1:GDS-CALIB_STRAIN source 1
Reading frame data...

frameCache = 

          sites: {'L'}
     frameTypes: {'L1_HOFT_C00'}
     startTimes: 1.1658e+09
      stopTimes: 1.1658e+09
      durations: 4096
    directories: {'/hdfs/frames/O2/hoft/L1/L-L1_HOFT_C00-11657'}

Writing time-series text file...
Done!
source inputfiles/MatlabSetup_R2008a_glnxa64.sh; getTs cache/1165779317.001526_1165779329.001526.lcf 1165779317.001526_1165779329.001526.lcf 1 0 L1:GDS-CALIB_STRAIN source 1
Reading frame data...

frameCache = 

          sites: {'L'}
     frameTypes: {'L1_HOFT_C00'}
     startTimes: 1.1658e+09
      stopTimes: 1.1658e+09
      durations: 4096
    directories: {'/hdfs/frames/O2/hoft/L1/L-L1_HOFT_C00-11657'}

Writing time-series text file...
Done!
source inputfiles/MatlabSetup_R2008a_glnxa64.sh; getTs cache/1165779329.001587_1165779341.001587.lcf 1165779329.001587_1165779341.001587.lcf 1 0 L1:GDS-CALIB_STRAIN source 1
Reading frame data...

frameCache = 

          sites: {'L'}
     frameTypes: {'L1_HOFT_C00'}
     startTimes: 1.1658e+09
      stopTimes: 1.1658e+09
      durations: 4096
    directories: {'/hdfs/frames/O2/hoft/L1/L-L1_HOFT_C00-11657'}

Writing time-series text file...
Done!
source inputfiles/MatlabSetup_R2008a_glnxa64.sh; getTs cache/1165779341.001648_1165779353.001648.lcf 1165779341.001648_1165779353.001648.lcf 1 0 L1:GDS-CALIB_STRAIN source 1
Reading frame data...

frameCache = 

          sites: {'L'}
     frameTypes: {'L1_HOFT_C00'}
     startTimes: 1.1658e+09
      stopTimes: 1.1658e+09
      durations: 4096
    directories: {'/hdfs/frames/O2/hoft/L1/L-L1_HOFT_C00-11657'}

Writing time-series text file...
Done!
source inputfiles/MatlabSetup_R2008a_glnxa64.sh; getTs cache/1165779353.001709_1165779365.001709.lcf 1165779353.001709_1165779365.001709.lcf 1 0 L1:GDS-CALIB_STRAIN source 1
Reading frame data...

frameCache = 

          sites: {'L'}
     frameTypes: {'L1_HOFT_C00'}
     startTimes: 1.1658e+09
      stopTimes: 1.1658e+09
      durations: 4096
    directories: {'/hdfs/frames/O2/hoft/L1/L-L1_HOFT_C00-11657'}

Writing time-series text file...
Done!
source inputfiles/MatlabSetup_R2008a_glnxa64.sh; getTs cache/1165779365.001770_1165779377.001770.lcf 1165779365.001770_1165779377.001770.lcf 1 0 L1:GDS-CALIB_STRAIN source 1
Reading frame data...
Fetching time series 1 of 10
getTimeSeries -C 1165779257.001221_1165779269.001221.lcf -f L1:GDS-CALIB_STRAIN -d 1 -w . -o source -r 0
Fetching time series 2 of 10
getTimeSeries -C 1165779269.001282_1165779281.001282.lcf -f L1:GDS-CALIB_STRAIN -d 1 -w . -o source -r 0
Fetching time series 3 of 10
getTimeSeries -C 1165779281.001343_1165779293.001343.lcf -f L1:GDS-CALIB_STRAIN -d 1 -w . -o source -r 0
Fetching time series 4 of 10
getTimeSeries -C 1165779293.001404_1165779305.001404.lcf -f L1:GDS-CALIB_STRAIN -d 1 -w . -o source -r 0
Fetching time series 5 of 10
getTimeSeries -C 1165779305.001465_1165779317.001465.lcf -f L1:GDS-CALIB_STRAIN -d 1 -w . -o source -r 0
Fetching time series 6 of 10
getTimeSeries -C 1165779317.001526_1165779329.001526.lcf -f L1:GDS-CALIB_STRAIN -d 1 -w . -o source -r 0
Fetching time series 7 of 10
getTimeSeries -C 1165779329.001587_1165779341.001587.lcf -f L1:GDS-CALIB_STRAIN -d 1 -w . -o source -r 0
Fetching time series 8 of 10
getTimeSeries -C 1165779341.001648_1165779353.001648.lcf -f L1:GDS-CALIB_STRAIN -d 1 -w . -o source -r 0
Fetching time series 9 of 10
getTimeSeries -C 1165779353.001709_1165779365.001709.lcf -f L1:GDS-CALIB_STRAIN -d 1 -w . -o source -r 0
Fetching time series 10 of 10
getTimeSeries -C 1165779365.001770_1165779377.001770.lcf -f L1:GDS-CALIB_STRAIN -d 1 -w . -o source -r 0
